구분	4월 일평균 판매부수	5월 일평균 판매부수	6월 일평균 판매부수	7월 일평균 판매부수	8월 일평균 판매부수	9월 일평균 판매부수	10월 일평균 판매부수	11월 일평균 판매부수	12월 일평균 판매부수
어린이, 청소년, 학습	105247	92813	86055	127052	108609	94333	86628	90710	128394
사회, 사회과학	26104	22376	21072	23223	24268	26289	21753	23927	26767
경제, 경영	21876	21041	20696	20070	17591	17332	17308	18324	19492
건강, 인간관계	17551	15562	15951	16054	19885	19577	19064	21618	24075
인물, 문학, 문학연구	18405	18210	19478	20505	20390	21532	20167	21940	25488
소설 및 연관 상품	19691	19082	17187	19878	20460	19834	19193	19731	23565
예술	12165	12632	11046	10824	10599	10724	9239	9696	10547
언어	13581	10668	13551	16372	15607	15652	12248	13858	16826
철학, 종교	12769	12069	12520	11682	13225	13197	12621	15815	18368
컴퓨터, 정보기술	5581	6543	5331	5319	5624	6313	4704	5064	5850
그래픽노블/만화	14006	15503	13213	15269	14401	12785	12997	13092	15776
생활, 취미, 레저	6507	4821	6800	9763	9476	9215	9524	10714	12495
수학, 과학	4439	4725	3801	4148	5216	5058	4235	4583	5089
역사	3379	3355	3449	3695	3930	3935	4343	5162	5276
기술, 공학, 농축산업, 산업공정	2153	1801	1849	1712	2121	2830	1622	1738	1982
기타	2761	2483	2416	2721	3437	3228	2724	2957	3393
의학, 간호학	1385	2739	672	1310	1646	1827	1265	1270	1369
참고서적, 정보, 학제적주제	2610	1173	2670	3103	3229	3191	2859	3658	3781
스포츠	900	772	621	571	647	775	694	653	821
법	447	376	369	396	512	682	424	453	450
지구과학, 지리, 환경, 지역계획	476	424	367	370	386	381	363	387	323
